m0/d;m12;status/o
 0000 0000 0
 0000 0050 0
 0000 0100 0
 0000 0150 0
 0000 0200 0
 0000 0250 0
 0000 0300 0
 0000 0350 0
 0000 0400 0
 0000 0450 0
 0000 0500 0
 0000 0550 0
 0000 0600 0
 0000 0650 0
 0000 0700 0
 0000 0750 0
 0000 0800 0
 0000 0850 0
 0000 0900 0
 0000 0950 0
 0250 0000 1
 0250 0050 0
 0250 0100 0
 0250 0150 0
 0250 0200 0
 0250 0250 0
 0250 0300 0
 0250 0350 0
 0250 0400 0
 0250 0450 0
 0250 0500 0
 0250 0550 0
 0250 0600 0
 0250 0650 0
 0250 0700 0
 0250 0750 0
 0250 0800 0
 0250 0850 0
 0250 0900 0
 0250 0950 0
 0500 0000 1
 0500 0050 0
 0500 0100 0
 0500 0150 0
 0500 0200 0
 0500 0250 0
 0500 0300 0
 0500 0350 0
 0500 0400 0
 0500 0450 0
 0500 0500 0
 0500 0550 0
 0500 0600 0
 0500 0650 0
 0500 0700 0
 0500 0750 0
 0500 0800 0
 0500 0850 0
 0500 0900 0
 0500 0950 0
 0750 0000 1
 0750 0050 0
 0750 0100 0
 0750 0150 0
 0750 0200 0
 0750 0250 0
 0750 0300 0
 0750 0350 0
 0750 0400 0
 0750 0450 0
 0750 0500 0
 0750 0550 0
 0750 0600 0
 0750 0650 0
 0750 0700 0
 0750 0750 0
 0750 0800 0
 0750 0850 0
 0750 0900 0
 0750 0950 0
 1000 0000 1
 1000 0050 0
 1000 0100 0
 1000 0150 0
 1000 0200 0
 1000 0250 0
 1000 0300 0
 1000 0350 0
 1000 0400 0
 1000 0450 0
 1000 0500 0
 1000 0550 0
 1000 0600 0
 1000 0650 0
 1000 0700 0
 1000 0750 0
 1000 0800 0
 1000 0850 0
 1000 0900 0
 1000 0950 0
 1250 0000 1
 1250 0050 0
 1250 0100 0
 1250 0150 0
 1250 0200 0
 1250 0250 0
 1250 0300 0
 1250 0350 0
 1250 0400 0
 1250 0450 0
 1250 0500 0
 1250 0550 0
 1250 0600 0
 1250 0650 0
 1250 0700 0
 1250 0750 0
 1250 0800 0
 1250 0850 0
 1250 0900 0
 1250 0950 0
 1500 0000 1
 1500 0050 0
 1500 0100 0
 1500 0150 0
 1500 0200 0
 1500 0250 0
 1500 0300 0
 1500 0350 0
 1500 0400 0
 1500 0450 0
 1500 0500 0
 1500 0550 0
 1500 0600 0
 1500 0650 0
 1500 0700 0
 1500 0750 0
 1500 0800 0
 1500 0850 0
 1500 0900 0
 1500 0950 0
 1750 0000 1
 1750 0050 0
 1750 0100 0
 1750 0150 0
 1750 0200 0
 1750 0250 0
 1750 0300 0
 1750 0350 0
 1750 0400 0
 1750 0450 0
 1750 0500 0
 1750 0550 0
 1750 0600 0
 1750 0650 0
 1750 0700 0
 1750 0750 0
 1750 0800 0
 1750 0850 0
 1750 0900 0
 1750 0950 0
 2000 0000 1
 2000 0050 1
 2000 0100 0
 2000 0150 0
 2000 0200 0
 2000 0250 0
 2000 0300 0
 2000 0350 0
 2000 0400 0
 2000 0450 0
 2000 0500 0
 2000 0550 0
 2000 0600 0
 2000 0650 0
 2000 0700 0
 2000 0750 0
 2000 0800 0
 2000 0850 0
 2000 0900 0
 2000 0950 0
 2250 0000 1
 2250 0050 1
 2250 0100 0
 2250 0150 0
 2250 0200 0
 2250 0250 0
 2250 0300 0
 2250 0350 0
 2250 0400 0
 2250 0450 0
 2250 0500 0
 2250 0550 0
 2250 0600 0
 2250 0650 0
 2250 0700 0
 2250 0750 0
 2250 0800 0
 2250 0850 0
 2250 0900 0
 2250 0950 0
 2500 0000 1
 2500 0050 1
 2500 0100 0
 2500 0150 0
 2500 0200 0
 2500 0250 0
 2500 0300 0
 2500 0350 0
 2500 0400 0
 2500 0450 0
 2500 0500 0
 2500 0550 0
 2500 0600 0
 2500 0650 0
 2500 0700 0
 2500 0750 0
 2500 0800 0
 2500 0850 0
 2500 0900 0
 2500 0950 0
 2550 0050 1
 2550 0060 1
 2550 0070 1
 2550 0080 1
 2550 0090 1
 2550 0100 0
 2550 0110 0
 2550 0120 0
 2550 0130 0
 2550 0140 0
 2550 0150 0
 2550 0160 0
 2600 0050 1
 2600 0060 1
 2600 0070 1
 2600 0080 1
 2600 0090 1
 2600 0100 0
 2600 0110 0
 2600 0120 0
 2600 0130 0
 2600 0140 0
 2600 0150 0
 2600 0160 0
 2600 0170 0
 2650 0050 1
 2650 0060 1
 2650 0070 1
 2650 0080 1
 2650 0090 1
 2650 0100 1
 2650 0110 0
 2650 0120 0
 2650 0130 0
 2650 0140 0
 2650 0150 0
 2650 0160 0
 2650 0170 0
 2650 0180 0
 2700 0050 1
 2700 0060 1
 2700 0070 1
 2700 0080 1
 2700 0090 1
 2700 0100 1
 2700 0110 0
 2700 0120 0
 2700 0130 0
 2700 0140 0
 2700 0150 0
 2700 0160 0
 2700 0170 0
 2700 0180 0
 2700 0190 0
 2700 0200 0
 2750 0000 1
 2750 0050 1
 2750 0060 1
 2750 0070 1
 2750 0080 1
 2750 0090 1
 2750 0100 1
 2750 0110 1
 2750 0120 0
 2750 0130 0
 2750 0140 0
 2750 0150 0
 2750 0160 0
 2750 0170 0
 2750 0180 0
 2750 0190 0
 2750 0200 0
 2750 0210 0
 2750 0250 0
 2750 0300 0
 2750 0350 0
 2750 0400 0
 2750 0450 0
 2750 0500 0
 2750 0550 0
 2750 0600 0
 2750 0650 0
 2750 0700 0
 2750 0750 0
 2750 0800 0
 2750 0850 0
 2750 0900 0
 2750 0950 0
 2800 0050 1
 2800 0060 1
 2800 0070 1
 2800 0080 1
 2800 0090 1
 2800 0100 1
 2800 0110 1
 2800 0120 0
 2800 0130 0
 2800 0140 0
 2800 0150 0
 2800 0160 0
 2800 0170 0
 2800 0180 0
 2800 0190 0
 2800 0200 0
 2800 0210 0
 2800 0220 0
 2850 0050 1
 2850 0060 1
 2850 0070 1
 2850 0080 1
 2850 0090 1
 2850 0100 1
 2850 0110 1
 2850 0120 1
 2850 0130 0
 2850 0140 0
 2850 0150 0
 2850 0160 0
 2850 0170 0
 2850 0180 0
 2850 0190 0
 2850 0200 0
 2850 0210 0
 2850 0220 0
 2850 0230 0
 2900 0050 1
 2900 0060 1
 2900 0070 1
 2900 0080 1
 2900 0090 1
 2900 0100 1
 2900 0110 1
 2900 0120 1
 2900 0130 0
 2900 0140 0
 2900 0150 0
 2900 0160 0
 2900 0180 0
 2900 0190 0
 2900 0200 0
 2900 0210 0
 2900 0220 0
 2900 0230 0
 2900 0240 0
 2900 0250 0
 2950 0050 1
 2950 0060 1
 2950 0070 1
 2950 0080 1
 2950 0090 1
 2950 0100 1
 2950 0110 1
 2950 0120 1
 2950 0130 1
 2950 0140 0
 2950 0150 0
 2950 0160 0
 2950 0170 0
 2950 0200 0
 2950 0210 0
 2950 0220 0
 2950 0230 0
 2950 0240 0
 2950 0250 0
 2950 0260 0
 3000 0000 1
 3000 0050 1
 3000 0060 1
 3000 0070 1
 3000 0080 1
 3000 0090 1
 3000 0100 1
 3000 0110 1
 3000 0120 1
 3000 0130 1
 3000 0140 1
 3000 0150 0
 3000 0160 0
 3000 0170 0
 3000 0180 0
 3000 0200 0
 3000 0210 0
 3000 0220 0
 3000 0230 0
 3000 0240 0
 3000 0250 0
 3000 0260 0
 3000 0270 0
 3000 0300 0
 3000 0350 0
 3000 0400 0
 3000 0450 0
 3000 0500 0
 3000 0550 0
 3000 0600 0
 3000 0650 0
 3000 0700 0
 3000 0750 0
 3000 0800 0
 3000 0850 0
 3000 0900 0
 3000 0950 0
 3050 0050 1
 3050 0060 1
 3050 0070 1
 3050 0080 1
 3050 0090 1
 3050 0100 1
 3050 0110 1
 3050 0120 1
 3050 0130 1
 3050 0140 1
 3050 0150 0
 3050 0160 0
 3050 0170 0
 3050 0180 0
 3050 0220 0
 3050 0230 0
 3050 0240 0
 3050 0250 0
 3050 0260 0
 3050 0270 0
 3050 0280 0
 3100 0050 1
 3100 0060 1
 3100 0070 1
 3100 0080 1
 3100 0090 1
 3100 0100 1
 3100 0110 1
 3100 0120 1
 3100 0130 1
 3100 0140 1
 3100 0150 1
 3100 0160 0
 3100 0170 0
 3100 0180 0
 3100 0190 0
 3100 0230 0
 3100 0240 0
 3100 0250 0
 3100 0260 0
 3100 0270 0
 3100 0280 0
 3100 0290 0
 3100 0300 0
 3150 0050 1
 3150 0060 1
 3150 0070 1
 3150 0080 1
 3150 0090 1
 3150 0100 1
 3150 0110 1
 3150 0120 1
 3150 0130 1
 3150 0140 1
 3150 0150 1
 3150 0160 1
 3150 0170 0
 3150 0180 0
 3150 0190 0
 3150 0240 0
 3150 0250 0
 3150 0260 0
 3150 0270 0
 3150 0280 0
 3150 0290 0
 3150 0300 0
 3150 0310 0
 3200 0050 1
 3200 0060 1
 3200 0070 1
 3200 0080 1
 3200 0090 1
 3200 0100 1
 3200 0110 1
 3200 0120 1
 3200 0130 1
 3200 0140 1
 3200 0150 1
 3200 0160 1
 3200 0170 1
 3200 0180 0
 3200 0190 0
 3200 0200 0
 3200 0240 0
 3200 0250 0
 3200 0260 0
 3200 0270 0
 3200 0280 0
 3200 0290 0
 3200 0300 0
 3200 0310 0
 3200 0320 0
 3250 0000 1
 3250 0050 1
 3250 0060 1
 3250 0070 1
 3250 0080 1
 3250 0090 1
 3250 0100 1
 3250 0110 1
 3250 0120 1
 3250 0130 1
 3250 0140 1
 3250 0150 1
 3250 0160 1
 3250 0170 1
 3250 0180 1
 3250 0190 0
 3250 0200 0
 3250 0210 0
 3250 0250 0
 3250 0260 0
 3250 0270 0
 3250 0280 0
 3250 0290 0
 3250 0300 0
 3250 0310 0
 3250 0320 0
 3250 0330 0
 3250 0350 0
 3250 0400 0
 3250 0450 0
 3250 0500 0
 3250 0550 0
 3250 0600 0
 3250 0650 0
 3250 0700 0
 3250 0750 0
 3250 0800 0
 3250 0850 0
 3250 0900 0
 3250 0950 0
 3300 0050 1
 3300 0060 1
 3300 0070 1
 3300 0080 1
 3300 0090 1
 3300 0100 1
 3300 0110 1
 3300 0120 1
 3300 0130 1
 3300 0140 1
 3300 0150 1
 3300 0160 1
 3300 0170 1
 3300 0180 1
 3300 0190 0
 3300 0200 0
 3300 0210 0
 3300 0220 0
 3300 0230 0
 3300 0240 0
 3300 0250 0
 3300 0260 0
 3300 0270 0
 3300 0280 0
 3300 0290 0
 3300 0300 0
 3300 0310 0
 3300 0320 0
 3300 0330 0
 3300 0340 0
 3300 0350 0
 3350 0050 1
 3350 0060 1
 3350 0070 1
 3350 0080 1
 3350 0090 1
 3350 0100 1
 3350 0110 1
 3350 0120 1
 3350 0130 1
 3350 0140 1
 3350 0150 1
 3350 0160 1
 3350 0170 1
 3350 0180 1
 3350 0190 1
 3350 0200 0
 3350 0210 0
 3350 0220 0
 3350 0230 0
 3350 0240 0
 3350 0250 0
 3350 0260 0
 3350 0270 0
 3350 0280 0
 3350 0290 0
 3350 0300 0
 3350 0310 0
 3350 0320 0
 3350 0330 0
 3350 0340 0
 3350 0350 0
 3350 0360 0
 3400 0050 1
 3400 0060 1
 3400 0070 1
 3400 0080 1
 3400 0090 1
 3400 0100 1
 3400 0110 1
 3400 0120 1
 3400 0130 1
 3400 0140 1
 3400 0150 1
 3400 0160 1
 3400 0170 1
 3400 0180 1
 3400 0190 1
 3400 0200 1
 3400 0210 0
 3400 0220 0
 3400 0230 0
 3400 0240 0
 3400 0250 0
 3400 0260 0
 3400 0270 0
 3400 0280 0
 3400 0290 0
 3400 0300 0
 3400 0310 0
 3400 0320 0
 3400 0330 0
 3400 0340 0
 3400 0350 0
 3400 0360 0
 3400 0370 0
 3450 0050 1
 3450 0060 1
 3450 0070 1
 3450 0080 1
 3450 0090 1
 3450 0100 1
 3450 0110 1
 3450 0120 1
 3450 0130 1
 3450 0140 1
 3450 0150 1
 3450 0160 1
 3450 0170 1
 3450 0180 1
 3450 0190 1
 3450 0200 1
 3450 0210 0
 3450 0220 0
 3450 0230 0
 3450 0240 0
 3450 0250 0
 3450 0260 0
 3450 0270 0
 3450 0280 0
 3450 0290 0
 3450 0300 0
 3450 0310 0
 3450 0320 0
 3450 0330 0
 3450 0340 0
 3450 0350 0
 3450 0360 0
 3450 0370 0
 3450 0380 0
 3500 0000 1
 3500 0050 1
 3500 0060 1
 3500 0070 1
 3500 0080 1
 3500 0090 1
 3500 0100 1
 3500 0110 1
 3500 0120 1
 3500 0130 1
 3500 0140 1
 3500 0150 1
 3500 0160 1
 3500 0170 1
 3500 0180 1
 3500 0190 1
 3500 0200 1
 3500 0210 1
 3500 0220 0
 3500 0230 0
 3500 0240 0
 3500 0250 0
 3500 0260 0
 3500 0270 0
 3500 0280 0
 3500 0290 0
 3500 0300 0
 3500 0310 0
 3500 0320 0
 3500 0330 0
 3500 0340 0
 3500 0350 0
 3500 0360 0
 3500 0370 0
 3500 0380 0
 3500 0390 0
 3500 0400 0
 3500 0450 0
 3500 0500 0
 3500 0550 0
 3500 0600 0
 3500 0650 0
 3500 0700 0
 3500 0750 0
 3500 0800 0
 3500 0850 0
 3500 0900 0
 3500 0950 0
 3550 0050 1
 3550 0060 1
 3550 0070 1
 3550 0080 1
 3550 0090 1
 3550 0100 1
 3550 0110 1
 3550 0120 1
 3550 0130 1
 3550 0140 1
 3550 0150 1
 3550 0160 1
 3550 0170 1
 3550 0180 1
 3550 0190 1
 3550 0200 1
 3550 0210 1
 3550 0220 1
 3550 0230 0
 3550 0240 0
 3550 0250 0
 3550 0260 0
 3550 0270 0
 3550 0280 0
 3550 0290 0
 3550 0300 0
 3550 0310 0
 3550 0320 0
 3550 0330 0
 3550 0340 0
 3550 0350 0
 3550 0360 0
 3550 0370 0
 3550 0380 0
 3550 0390 0
 3550 0400 0
 3550 0410 0
 3600 0050 1
 3600 0060 1
 3600 0070 1
 3600 0080 1
 3600 0090 1
 3600 0100 1
 3600 0110 1
 3600 0120 1
 3600 0130 1
 3600 0140 1
 3600 0150 1
 3600 0160 1
 3600 0170 1
 3600 0180 1
 3600 0190 1
 3600 0200 1
 3600 0220 1
 3600 0230 1
 3600 0240 1
 3600 0250 1
 3600 0260 0
 3600 0270 0
 3600 0280 0
 3600 0290 0
 3600 0300 0
 3600 0310 0
 3600 0320 0
 3600 0330 0
 3600 0340 0
 3600 0350 0
 3600 0360 0
 3600 0370 0
 3600 0380 0
 3600 0390 0
 3600 0400 0
 3600 0410 0
 3600 0420 0
 3650 0050 1
 3650 0060 1
 3650 0070 1
 3650 0080 1
 3650 0090 1
 3650 0100 1
 3650 0110 1
 3650 0120 1
 3650 0130 1
 3650 0140 1
 3650 0150 1
 3650 0160 1
 3650 0170 1
 3650 0180 1
 3650 0190 1
 3650 0200 1
 3650 0210 0
 3650 0220 1
 3650 0230 1
 3650 0240 1
 3650 0250 1
 3650 0260 1
 3650 0270 0
 3650 0280 0
 3650 0290 0
 3650 0300 0
 3650 0310 0
 3650 0320 0
 3650 0330 0
 3650 0340 0
 3650 0350 0
 3650 0360 0
 3650 0370 0
 3650 0380 0
 3650 0390 0
 3650 0400 0
 3650 0410 0
 3650 0420 0
 3650 0430 0
 3700 0050 1
 3700 0060 1
 3700 0070 1
 3700 0080 1
 3700 0090 1
 3700 0100 1
 3700 0110 1
 3700 0120 1
 3700 0130 1
 3700 0140 1
 3700 0150 1
 3700 0160 1
 3700 0170 1
 3700 0180 1
 3700 0190 1
 3700 0200 1
 3700 0210 1
 3700 0220 1
 3700 0230 1
 3700 0240 1
 3700 0250 1
 3700 0260 1
 3700 0270 1
 3700 0280 1
 3700 0290 0
 3700 0300 0
 3700 0310 0
 3700 0320 0
 3700 0330 0
 3700 0340 0
 3700 0350 0
 3700 0360 0
 3700 0370 0
 3700 0380 0
 3700 0390 0
 3700 0400 0
 3700 0410 0
 3700 0420 0
 3700 0430 0
 3700 0440 0
 3700 0450 0
 3750 0000 1
 3750 0050 1
 3750 0060 1
 3750 0070 1
 3750 0080 1
 3750 0090 1
 3750 0100 1
 3750 0110 1
 3750 0120 1
 3750 0130 1
 3750 0140 1
 3750 0150 1
 3750 0160 1
 3750 0170 1
 3750 0180 1
 3750 0190 1
 3750 0200 1
 3750 0210 1
 3750 0220 1
 3750 0230 1
 3750 0240 1
 3750 0250 1
 3750 0260 1
 3750 0270 1
 3750 0280 1
 3750 0290 1
 3750 0300 1
 3750 0310 0
 3750 0320 0
 3750 0330 0
 3750 0340 0
 3750 0350 0
 3750 0360 0
 3750 0370 0
 3750 0380 0
 3750 0390 0
 3750 0400 0
 3750 0410 0
 3750 0420 0
 3750 0430 0
 3750 0440 0
 3750 0450 0
 3750 0460 0
 3750 0500 0
 3750 0550 0
 3750 0600 0
 3750 0650 0
 3750 0700 0
 3750 0750 0
 3750 0800 0
 3750 0850 0
 3750 0900 0
 3750 0950 0
 3800 0170 1
 3800 0180 1
 3800 0190 1
 3800 0200 1
 3800 0210 1
 3800 0220 1
 3800 0230 1
 3800 0240 1
 3800 0250 1
 3800 0260 1
 3800 0270 1
 3800 0280 1
 3800 0290 1
 3800 0300 1
 3800 0310 1
 3800 0320 0
 3800 0330 0
 3800 0340 0
 3800 0350 0
 3800 0360 0
 3800 0370 0
 3800 0380 0
 3800 0390 0
 3800 0400 0
 3800 0410 0
 3800 0420 0
 3800 0430 0
 3800 0440 0
 3800 0450 0
 3800 0460 0
 3800 0470 0
 3850 0180 1
 3850 0190 1
 3850 0200 1
 3850 0210 1
 3850 0220 1
 3850 0230 1
 3850 0240 1
 3850 0250 1
 3850 0260 1
 3850 0270 1
 3850 0280 1
 3850 0290 1
 3850 0300 1
 3850 0310 1
 3850 0320 1
 3850 0330 1
 3850 0340 0
 3850 0350 0
 3850 0360 0
 3850 0370 0
 3850 0380 0
 3850 0390 0
 3850 0400 0
 3850 0410 0
 3850 0420 0
 3850 0430 0
 3850 0440 0
 3850 0450 0
 3850 0460 0
 3850 0470 0
 3850 0480 0
 3900 0190 1
 3900 0200 1
 3900 0210 1
 3900 0220 1
 3900 0230 1
 3900 0240 1
 3900 0250 1
 3900 0260 1
 3900 0270 1
 3900 0280 1
 3900 0290 1
 3900 0300 1
 3900 0310 1
 3900 0320 1
 3900 0330 1
 3900 0340 1
 3900 0350 1
 3900 0360 0
 3900 0370 0
 3900 0380 0
 3900 0390 0
 3900 0400 0
 3900 0410 0
 3900 0420 0
 3900 0430 0
 3900 0440 0
 3900 0450 0
 3900 0460 0
 3900 0470 0
 3900 0480 0
 3900 0490 0
 3950 0200 1
 3950 0210 1
 3950 0220 1
 3950 0230 1
 3950 0240 1
 3950 0250 1
 3950 0260 1
 3950 0270 1
 3950 0280 1
 3950 0290 1
 3950 0300 1
 3950 0310 1
 3950 0320 1
 3950 0330 1
 3950 0340 1
 3950 0350 1
 3950 0360 1
 3950 0370 1
 3950 0380 0
 3950 0390 0
 3950 0400 0
 3950 0410 0
 3950 0420 0
 3950 0430 0
 3950 0440 0
 3950 0450 0
 3950 0460 0
 3950 0470 0
 3950 0480 0
 3950 0490 0
 4000 0000 1
 4000 0050 1
 4000 0100 1
 4000 0150 1
 4000 0200 1
 4000 0220 1
 4000 0230 1
 4000 0240 1
 4000 0250 1
 4000 0260 1
 4000 0270 1
 4000 0280 1
 4000 0290 1
 4000 0300 1
 4000 0310 1
 4000 0320 1
 4000 0330 1
 4000 0340 1
 4000 0350 1
 4000 0360 1
 4000 0370 1
 4000 0380 1
 4000 0390 0
 4000 0400 0
 4000 0410 0
 4000 0420 0
 4000 0430 0
 4000 0440 0
 4000 0450 0
 4000 0460 0
 4000 0470 0
 4000 0480 0
 4000 0490 0
 4000 0500 0
 4000 0550 0
 4000 0600 0
 4000 0650 0
 4000 0700 0
 4000 0750 0
 4000 0800 0
 4000 0850 0
 4000 0900 0
 4000 0950 0
 4050 0230 1
 4050 0240 1
 4050 0250 1
 4050 0260 1
 4050 0270 1
 4050 0280 1
 4050 0290 1
 4050 0300 1
 4050 0310 1
 4050 0320 1
 4050 0330 1
 4050 0340 1
 4050 0350 1
 4050 0360 1
 4050 0370 1
 4050 0380 1
 4050 0390 1
 4050 0400 1
 4050 0410 0
 4050 0420 0
 4050 0430 0
 4050 0440 0
 4050 0450 0
 4050 0460 0
 4050 0470 0
 4050 0480 0
 4050 0490 0
 4100 0240 1
 4100 0250 1
 4100 0260 1
 4100 0270 1
 4100 0280 1
 4100 0290 1
 4100 0300 1
 4100 0310 1
 4100 0320 1
 4100 0330 1
 4100 0340 1
 4100 0350 1
 4100 0360 1
 4100 0370 1
 4100 0380 1
 4100 0390 1
 4100 0400 1
 4100 0410 1
 4100 0420 1
 4100 0430 0
 4100 0440 0
 4100 0450 0
 4100 0460 0
 4100 0470 0
 4100 0480 0
 4100 0490 0
 4150 0250 1
 4150 0260 1
 4150 0270 1
 4150 0280 1
 4150 0290 1
 4150 0300 1
 4150 0310 1
 4150 0320 1
 4150 0330 1
 4150 0340 1
 4150 0350 1
 4150 0360 1
 4150 0370 1
 4150 0380 1
 4150 0390 1
 4150 0400 1
 4150 0410 1
 4150 0420 1
 4150 0430 1
 4150 0440 0
 4150 0450 0
 4150 0460 0
 4150 0470 0
 4150 0480 0
 4150 0490 0
 4200 0270 1
 4200 0280 1
 4200 0290 1
 4200 0300 1
 4200 0310 1
 4200 0320 1
 4200 0330 1
 4200 0340 1
 4200 0350 1
 4200 0360 1
 4200 0370 1
 4200 0380 1
 4200 0390 1
 4200 0400 1
 4200 0410 1
 4200 0420 1
 4200 0430 1
 4200 0440 1
 4200 0450 1
 4200 0460 0
 4200 0470 0
 4200 0480 0
 4200 0490 0
 4250 0000 1
 4250 0050 1
 4250 0100 1
 4250 0150 1
 4250 0200 1
 4250 0250 1
 4250 0280 1
 4250 0290 1
 4250 0300 1
 4250 0310 1
 4250 0320 1
 4250 0330 1
 4250 0340 1
 4250 0350 1
 4250 0360 1
 4250 0370 1
 4250 0380 1
 4250 0390 1
 4250 0400 1
 4250 0410 1
 4250 0420 1
 4250 0430 1
 4250 0440 1
 4250 0450 1
 4250 0460 1
 4250 0470 1
 4250 0480 0
 4250 0490 0
 4250 0500 0
 4250 0550 0
 4250 0600 0
 4250 0650 0
 4250 0700 0
 4250 0750 0
 4250 0800 0
 4250 0850 0
 4250 0900 0
 4250 0950 0
 4300 0290 1
 4300 0300 1
 4300 0310 1
 4300 0320 1
 4300 0330 1
 4300 0340 1
 4300 0350 1
 4300 0360 1
 4300 0370 1
 4300 0380 1
 4300 0390 1
 4300 0400 1
 4300 0410 1
 4300 0420 1
 4300 0430 1
 4300 0440 1
 4300 0450 1
 4300 0460 1
 4300 0470 1
 4300 0480 1
 4300 0490 0
 4350 0300 1
 4350 0310 1
 4350 0320 1
 4350 0330 1
 4350 0340 1
 4350 0350 1
 4350 0360 1
 4350 0370 1
 4350 0380 1
 4350 0390 1
 4350 0400 1
 4350 0410 1
 4350 0420 1
 4350 0430 1
 4350 0440 1
 4350 0450 1
 4350 0460 1
 4350 0470 1
 4350 0480 1
 4350 0490 1
 4400 0320 1
 4400 0330 1
 4400 0340 1
 4400 0350 1
 4400 0360 1
 4400 0370 1
 4400 0380 1
 4400 0390 1
 4400 0400 1
 4400 0410 1
 4400 0420 1
 4400 0430 1
 4400 0440 1
 4400 0450 1
 4400 0460 1
 4400 0470 1
 4400 0480 1
 4400 0490 1
 4450 0330 1
 4450 0340 1
 4450 0350 1
 4450 0360 1
 4450 0370 1
 4450 0380 1
 4450 0390 1
 4450 0400 1
 4450 0410 1
 4450 0420 1
 4450 0430 1
 4450 0440 1
 4450 0450 1
 4450 0460 1
 4450 0470 1
 4450 0480 1
 4450 0490 1
 4500 0000 1
 4500 0050 1
 4500 0100 1
 4500 0150 1
 4500 0200 1
 4500 0250 1
 4500 0300 1
 4500 0340 1
 4500 0350 1
 4500 0360 1
 4500 0370 1
 4500 0380 1
 4500 0390 1
 4500 0400 1
 4500 0410 1
 4500 0420 1
 4500 0430 1
 4500 0440 1
 4500 0450 1
 4500 0460 1
 4500 0470 1
 4500 0480 1
 4500 0490 1
 4500 0500 1
 4500 0550 1
 4500 0600 0
 4500 0650 0
 4500 0700 0
 4500 0750 0
 4500 0800 0
 4500 0850 0
 4500 0900 0
 4500 0950 0
 4550 0350 1
 4550 0360 1
 4550 0370 1
 4550 0380 1
 4550 0390 1
 4550 0400 1
 4550 0410 1
 4550 0420 1
 4550 0430 1
 4550 0440 1
 4550 0450 1
 4550 0460 1
 4550 0470 1
 4550 0480 1
 4550 0490 1
 4600 0370 1
 4600 0380 1
 4600 0390 1
 4600 0400 1
 4600 0410 1
 4600 0420 1
 4600 0430 1
 4600 0440 1
 4600 0450 1
 4600 0460 1
 4600 0470 1
 4600 0480 1
 4600 0490 1
 4650 0380 1
 4650 0390 1
 4650 0400 1
 4650 0410 1
 4650 0420 1
 4650 0430 1
 4650 0440 1
 4650 0450 1
 4650 0460 1
 4650 0470 1
 4650 0480 1
 4650 0490 1
 4700 0390 1
 4700 0400 1
 4700 0410 1
 4700 0420 1
 4700 0430 1
 4700 0440 1
 4700 0450 1
 4700 0460 1
 4700 0470 1
 4700 0480 1
 4700 0490 1
 4750 0000 1
 4750 0050 1
 4750 0100 1
 4750 0150 1
 4750 0200 1
 4750 0250 1
 4750 0300 1
 4750 0350 1
 4750 0400 1
 4750 0410 1
 4750 0420 1
 4750 0430 1
 4750 0440 1
 4750 0450 1
 4750 0460 1
 4750 0470 1
 4750 0480 1
 4750 0490 1
 4750 0500 1
 4750 0550 1
 4750 0600 1
 4750 0650 0
 4750 0700 0
 4750 0750 0
 4750 0800 0
 4750 0850 0
 4750 0900 0
 4750 0950 0
 4800 0420 1
 4800 0430 1
 4800 0440 1
 4800 0450 1
 4800 0460 1
 4800 0470 1
 4800 0480 1
 4800 0490 1
 4850 0430 1
 4850 0440 1
 4850 0450 1
 4850 0460 1
 4850 0470 1
 4850 0480 1
 4850 0490 1
 4900 0440 1
 4900 0450 1
 4900 0460 1
 4900 0470 1
 4900 0480 1
 4900 0490 1
 4950 0450 1
 4950 0460 1
 4950 0470 1
 4950 0480 1
 4950 0490 1
